# frame 13  t=2026-08-16 00:51:37 +0000  2560x1588px
# x,y,w,h are top-left origin pixels
  167    22   257    23  1.00  Bloons TD Battles 2
   30   123   350    41  1.00  OOl IVEGETABLeninJA
  822   123    86    37  1.00  150
 1031   130    63    30  1.00  267
 1239   126    67    33  1.00  293
 1380   126   197    34  1.00  ROUND 3/40
 1652   123    74    37  1.00  150
 2240   126   279    38  1.00  BEHIND BOXES U00
  316   242   246    37  1.00  TACK SHOOTER
  417   286    48    30  1.00  96
 1265   383    48    33  1.00  X5
 2415   424    48    22  1.00  200
 1265   480    45    30  1.00  X6
 1265   573    45    30  1.00  X6
 1265   666    45    30  1.00  X6
  272   692   160    30  1.00  EVen FASTER
  484   684   141    30  1.00  HOT SHOTS
  286   716   127    30  1.00  SHOOTiNG
  290   799   101    31  1.00  oWneD
 2422   870    33    19  1.00  X8
  424   907   104    41  1.00  PATH
  424   948   141    41  1.00  CLOSED
  283  1052   138    27  1.00  Even MORE
  465  1045   182    22  1.00  TACK SPRAYER
  305  1079    89    30  1.00  TACKS
  290  1160   100    30  1.00  OWnED
  301  1257    60    33  1.00  721
  540  1257    82    33  1.00  SELL!
