# frame 8  t=2026-08-16 00:51:15 +0000  2560x1588px
# x,y,w,h are top-left origin pixels
  167    22   253    23  1.00  Bloons TD Battles 2
   30   123   346    41  1.00  OOl IVEGETABLEninJA
  819   123    89    37  1.00  150
 1034   130    67    30  1.00  200
 1239   126    71    33  1.00  283
 1380   126   197    34  1.00  ROUND 2/40
 1652   123    82    37  1.00  150
 2240   126   279    38  1.00  BEHIND BOXES U00
  316   242   242    37  1.00  TACK SHOOTER
  383   283    63    33  0.50  ×4
 1265   346    45    30  1.00  X3
 2415   424    48    22  1.00  200
  510   662    97    26  1.00  FASTER
  491   688   127    30  1.00  SHOOTiNG
  316   733    71    30  1.00  NOT
  271   761   160    36  1.00  UPGRADED
 2515   762    22    26  1.00  3
  525   800    56    30  1.00  150
  487   852   138    22  1.00  LONG RANGE
  513   874    78    26  1.00  TACKS
 2422   870    33    19  1.00  X8
  320   911    67    33  1.00  NOT
  275   941   156    34  1.00  UPGRADED
  525   974    60    30  1.00  100
  476  1041   160    30  1.00  MORE TACKS
  316  1093    71    30  1.00  NOT
  275  1123   156    30  1.00  UPGRADED
  491  1157    93    30  1.00  C100
  301  1253    67    37  1.00  196
  540  1257    82    33  1.00  SELL!
