# frame 14  t=2026-08-16 00:51:41 +0000  2560x1588px
# x,y,w,h are top-left origin pixels
  167    22   257    23  1.00  Bloons TD Battles 2
   30   123   350    41  1.00  OOl IVEGETABLeninJA
  822   126    82    33  1.00  150)
 1034   130    64    31  1.00  399
 1243   126    86    37  1.00  3011
 1380   126   197    34  1.00  ROUND 3/40
 1652   123    74    37  1.00  150
 2240   126   279    38  1.00  BEHIND BOXES U00
  316   242   246    37  1.00  TACK SHOOTER
  383   286    89    30  1.00  × 119
 1261   346    48    30  0.50  ХО
 1265   431    45    30  1.00  X6
 2426   424    37    22  1.00  00
 1265   528    45    30  1.00  Х6
 1265   621    45    30  1.00  Х6
 2415   658    45    22  1.00  280
  484   684   142    31  1.00  HOT SHOTS
  272   692   160    30  1.00  EVen FASTER
  286   716   127    30  1.00  SHOOTiNG
  290   799   101    31  1.00  oWneD
 1265   803    45    33  1.00  X6
 2422   870    33    19  1.00  X8
  424   910   101    40  1.00  PATH
  424   948   142    42  1.00  CLOSED
  283  1052   138    27  1.00  Even MORE
  465  1045   182    22  1.00  TACK SPRAYER
  309  1079    86    30  1.00  TACKS
  290  1160   101    31  1.00  OWnED
  301  1257    60    33  1.00  721
  540  1257    82    33  1.00  SELL!
