# frame 6  t=2026-08-16 00:51:07 +0000  2560x1588px
# x,y,w,h are top-left origin pixels
  167    22   257    23  1.00  Bloons TD Battles 2
   30   123   346    41  1.00  OOl IVEGETABLEninJA
  822   126    71    33  1.00  150
 1031   130    63    30  1.00  278
 1243   130    63    30  1.00  279
 1380   126   197    34  1.00  ROUND 2/40
 1652   123    74    37  1.00  150
 2240   126   279    38  1.00  BEHIND BOXES U00
 1265   346    45    30  1.00  X3
 1265   439    45    30  1.00  X8
 1265   532    45    30  1.00  X8
 1265   625    45    30  1.00  X8
 1265   811    45    30  1.00  X8
