# frame 5  t=2026-08-16 00:51:03 +0000  2560x1588px
# x,y,w,h are top-left origin pixels
  167    22   257    23  1.00  Bloons TD Battles 2
   30   123   346    41  1.00  OOl IVEGETABLEninJA
  822   126    78    33  1.00  150
 1030   126    64    35  1.00  103
 1243   126    82    33  1.00  274~
 1380   123   201    41  1.00  ROUnD 1/40
 1652   126    78    33  1.00  150
 2236   126   283    38  1.00  BEHIND BOXES U00
 1265   439    45    30  1.00  X8
 1265   532    45    30  1.00  X8
 1265   625    45    30  1.00  X8
 1261   714    48    33  1.00  X8
 1261   811    48    30  1.00  X8
