# frame 10  t=2026-08-16 00:51:24 +0000  2560x1588px
# x,y,w,h are top-left origin pixels
  167    22   253    23  1.00  Bloons TD Battles 2
   30   123   346    41  1.00  OOl IVEGETABLEninJA
  819   123    89    37  1.00  150
 1034   130    63    30  1.00  682
 1239   126    71    33  1.00  283
 1380   126   201    34  1.00  ROUND 2/40
 1652   123    82    37  1.00  150
 2240   126   279    38  1.00  BEHIND BOXES U00
  316   238   246    41  1.00  TACK SHOOTER
 2415   424    48    22  1.00  200
  506   666   100    26  1.00  FASTER
 2415   658    45    22  1.00  280
  495   688   123    30  1.00  SHOOTING
  316   732    71    31  1.00  NOT
  271   761   160    36  1.00  UPGRADED
 2515   762    19    26  1.00  3
  525   800    56    30  1.00  150
  491   852   134    22  1.00  LONG RANGE
  513   874    82    26  1.00  TACKS
 2422   870    33    19  1.00  X8
  320   911    67    33  1.00  NOT
  275   941   156    34  1.00  UPGRADED
  525   974    60    33  1.00  100
  476  1041   160    30  1.00  MORE TACKS
  316  1093    71    30  1.00  NOT
  275  1122   157    37  1.00  UPGRADED
  491  1157    93    30  1.00  C100
  301  1257    67    37  1.00  196
  540  1257    82    33  1.00  SELL!
