# frame 1  t=2026-08-16 00:50:48 +0000  2560x1588px
# x,y,w,h are top-left origin pixels
  167    22   257    23  1.00  Bloons TD Battles 2
   30   123   346    41  1.00  OOl IVEGETABLEninJA
  822   126    79    35  1.00  150
 1031   126    60    33  1.00  447
 1239   126    67    33  1.00  263
 1388   126   190    34  1.00  ROUND 1/40
 1652   123    82    37  1.00  150
 2236   126   283    38  1.00  BEHIND BOXES U00
 1273   335    37    30  1.00  X2
 1265   439    45    30  1.00  X8
 1265   521    45    30  1.00  X8
 1265   681    45    30  1.00  X8
 2515   870    26    26  1.00  X5
