# frame 15  t=2026-08-16 00:51:45 +0000  2560x1588px
# x,y,w,h are top-left origin pixels
  167    22   257    23  1.00  Bloons TD Battles 2
   30   123   350    41  1.00  OOl IVEGETABLeninJA
  822   126    83    35  1.00  150)
 1034   130    56    30  1.00  231
 1235   126    71    33  1.00  309
 1380   126   197    34  1.00  ROUND 3/40
 1652   123    74    37  1.00  150
 2240   126   279    38  1.00  BEHIND BOXES U00
  316   242   246    37  1.00  TACK SHOOTER
  380   283    97    33  1.00  ×147
 1269   346    41    30  1.00  X2
 2415   424    48    22  1.00  200
 1265   439    45    30  1.00  X6
 1265   532    45    30  1.00  X6
 1265   625    45    30  0.50  X6
  484   684   142    31  1.00  HOT SHOTS
  272   692   160    30  1.00  EVen FASTER
  286   716   127    30  1.00  SHOOTiNG
  290   799   101    31  1.00  oWneD
 1265   811    45    30  1.00  X6
  424   910   101    40  1.00  PATH
  424   948   142    42  1.00  CLOSED
  283  1052   138    27  1.00  Even MORE
  465  1045   182    22  1.00  TACK SPRAYER
  309  1079    86    30  1.00  TACKS
  290  1160   101    31  1.00  OWnED
  301  1257    60    33  1.00  721
  540  1257    82    33  1.00  SELL!
