# frame 11  t=2026-08-16 00:51:28 +0000  2560x1588px
# x,y,w,h are top-left origin pixels
  167    22   253    23  1.00  Bloons TD Battles 2
   30   123   350    41  1.00  OOl IVEGETABLeninJA
  822   123    86    37  1.00  150
  982   119   104    45  1.00  C315
 1239   126    67    33  1.00  283
 1380   126   197    34  1.00  ROUND 2/40
 1652   123    82    37  1.00  150
 2236   126   283    38  1.00  BEHIND BOXES U00
  316   242   246    37  1.00  TACK SHOOTER
  380   283    86    37  1.00  > 24
 2415   658    45    22  1.00  280
  272   692   160    30  1.00  EVen FASTER
  484   684   141    30  1.00  HOT SHOTS
  286   716   127    30  1.00  SHOOTiNG
  290   799   101    31  1.00  OWnED
 2422   870    33    19  1.00  X8
  424   906   105    44  1.00  PATH
  424   948   142    42  1.00  CLOSED
  495  1034   127    22  1.00  EVen MORE
  517  1056    78    27  1.00  TACKS
  275  1067   153    26  1.00  MOReTACKS
  290  1158   102    34  1.00  OWneD
  513  1157    71    30  1.00  )100
  301  1253    71    37  1.00  651
  540  1257    82    33  1.00  SELL!
