# frame 17  t=2026-08-16 00:51:52 +0000  2560x1588px
# x,y,w,h are top-left origin pixels
  167    22   257    23  1.00  Bloons TD Battles 2
   30   123   346    41  1.00  OOl IVEGETABLEninJA
  822   126    82    33  1.00  150)
 1034   130    60    30  1.00  623
 1239   126    86    37  1.00  320г
 1380   126   197    34  1.00  ROUND 3/40
 1652   123    78    37  1.00  150
 2240   126   279    38  1.00  BEHIND BOXES U00
 1261   346    48    30  1.00  XO
 2415   424    48    22  1.00  200
 1265   439    45    30  1.00  X6
 1265   532    45    30  1.00  X6
 2415   658    45    22  1.00  280
 2422   870    33    19  1.00  X8
 2508   870    33    63  0.30  8Eg
