# frame 19  t=2026-08-16 00:52:00 +0000  2560x1588px
# x,y,w,h are top-left origin pixels
  167    22   257    23  1.00  Bloons TD Battles 2
   30   123   350    41  1.00  OOl IVEGETABLeninJA
  822   126    82    33  1.00  150)
 1031   126    63    33  1.00  783
 1239   126    89    37  1.00  328
 1380   126   197    34  1.00  ROUND 4/40
 1652   126    78    33  1.00  150
 2240   126   279    38  1.00  BEHIND BOXES U00
  316   242   246    37  1.00  TACK SHOOTER
  383   283   100    33  1.00  × 269
 2415   424    48    22  1.00  200
 2415   658    45    22  1.00  280
  272   692   160    30  1.00  EVen FASTER
  487   684   138    30  1.00  HOT SHOTS
  286   716   127    30  1.00  SHOOTiNG
 2515   762    22    26  1.00  3
  290   799   101    31  1.00  oWneD
  491   796    93    30  1.00  C 700
 2422   870    33    19  1.00  X8
  424   906   105    43  1.00  PATH
  424   948   142    42  1.00  CLOSED
  283  1052   138    27  1.00  Even MORE
  461  1045   186    26  1.00  TACK SPRAYER
  309  1079    86    30  1.00  TACKS
  290  1160   101    31  1.00  OWnED
  528  1157    56    26  1.00  450
  301  1257    60    33  1.00  721
  540  1257    82    33  1.00  SELL!
