# frame 3  t=2026-08-16 00:50:56 +0000  2560x1588px
# x,y,w,h are top-left origin pixels
  167    22   257    23  1.00  Bloons TD Battles 2
   30   126   350    38  1.00  odl IVeGETABLeninJA
  822   126    82    33  1.00  150)
 1034   130    45    30  1.00  60
 1239   126    63    33  1.00  263
 1388   126   197    34  1.00  ROUND 1/40
 1652   123    82    37  1.00  150
 2240   126   279    38  1.00  BEHIND BOXES U00
  320   242   242    37  1.00  DART MOnKEY
  383   286    78    30  1.00  × 16
  372   580   130    52  1.00  FiRST
  268   692   167    30  1.00  RAZOR SHARP
  469   684   175    30  1.00  SPiKe-O-PULT
  309   718    86    30  1.00  SHOTS
  290   787   101    43  1.00  owneD
  495   851   130    27  1.00  VeRY QUiCK
  517   874    78    30  1.00  SHOTS
 2422   870    33    19  1.00  X8
  275   884   157    32  1.00  QUICK SHOTS
  290   982   100    30  1.00  OWNED
  424  1090   101    37  1.00  PATH
  424  1126   142    43  1.00  CLOSED
  301  1253    71    41  1.00  455
  540  1257    82    33  1.00  SELL!
