# frame 16  t=2026-08-16 00:51:49 +0000  2560x1588px
# x,y,w,h are top-left origin pixels
  167    22   257    23  1.00  Bloons TD Battles 2
   30   123   350    41  1.00  OOl IVEGETABLeninJA
  822   126    82    33  1.00  150)
 1250   119    82    45  1.00  317
 1034   130    60    30  1.00  375
 1380   126   197    34  1.00  ROUND 3/40
 1652   123    74    37  1.00  150
 2240   126   279    38  1.00  BEHIND BOXES U00
  316   242   246    37  1.00  TACK SHOOTER
  383   286    97    30  1.00  × 180
 1261   342    52    30  1.00  X4
 1265   528    45    30  0.50  х6
 1265   621    45    30  1.00  х6
 2415   658    45    22  1.00  280
  484   684   142    31  1.00  HOT SHOTS
  272   692   160    30  1.00  EVen FASTER
  286   716   127    30  1.00  SHOOTiNG
  290   799   101    31  1.00  OWnED
 2422   870    33    19  1.00  X8
  424   906   105    44  1.00  PATH
  424   947   142    43  1.00  CLOSED
  283  1052   138    27  1.00  Even MORE
  465  1045   182    22  1.00  TACK SPRAYER
  309  1079    86    30  1.00  TACKS
  290  1160   101    31  1.00  OWneD
  301  1257    60    33  1.00  721
  540  1257    82    33  1.00  SELL!
