# frame 12  t=2026-08-16 00:51:33 +0000  2560x1588px
# x,y,w,h are top-left origin pixels
  167    22   257    23  1.00  Bloons TD Battles 2
   30   123   350    41  1.00  OOl IVEGETABLeninJA
  822   126    71    33  1.00  150
 1034   130    56    30  1.00  215
 1239   126    71    33  1.00  283
 1384   126   197    38  1.00  ROUND 3/40
 1652   123    71    37  1.00  150
 2240   126   279    38  1.00  BEHIND BOXES U00
  316   245   242    34  1.00  TACK SHOOTER
 1104   626   336    91  1.00  ROUND
  272   692   160    30  1.00  EVen FASTER
  484   684   141    30  1.00  HOT SHOTS
  286   716   127    30  1.00  SHOOTiNG
  290   799   101    31  1.00  oWneD
 2422   870    33    19  1.00  X8
  424   907   104    41  1.00  PATH
  424   947   142    43  1.00  CLOSED
  283  1052   138    27  1.00  Even MORe
  465  1045   182    22  1.00  TACK SPRAYER
  305  1079    89    30  1.00  TACKS
  290  1160   100    30  1.00  OWneD
  301  1257    60    33  1.00  721
  540  1257    82    33  1.00  SELL!
