# frame 2  t=2026-08-16 00:50:52 +0000  2560x1588px
# x,y,w,h are top-left origin pixels
  167    22   257    23  1.00  Bloons TD Battles 2
   30   123   350    41  1.00  OOl IVEGETABLeninJA
  822   123    86    37  1.00  150
 1034   130    60    30  1.00  510
 1239   130    67    30  1.00  263
 1380   123   208    45  1.00  ROUnD1/40
 1652   123    82    37  1.00  150
 2240   126   279    38  1.00  BEHIND BOXES U00
  320   245   238    34  1.00  DART MOnKEY
 1265   346    45    30  1.00  Х6
 2415   424    48    22  1.00  200
  372   569   130    63  1.00  FiRST
 2415   658    45    22  1.00  280
  469   684   171    30  1.00  SHARP SHOTS
  320   733    67    30  1.00  NOT
  272   762   160    34  1.00  UPGRADED
  513   796    71    30  1.00  100
  469   854   179    40  1.00  QUiCK SHOTS
 2422   870    33    19  1.00  X8
 2515   870    26    22  1.00  X5
  320   911    67    33  1.00  NOT
  275   940   157    36  1.00  UPGRADED
  525   982    60    30  1.00  100
  487  1034   138    22  1.00  LONG RANGE
  521  1056    74    22  1.00  DARTS
  316  1093    71    30  1.00  NOT
  275  1123   156    30  1.00  UPGRADED
  301  1250    71    45  1.00  140
  540  1257    82    33  1.00  SELL!
