# frame 7  t=2026-08-16 00:51:10 +0000  2560x1588px
# x,y,w,h are top-left origin pixels
  167    22   257    23  1.00  Bloons TD Battles 2
   30   123   346    41  1.00  OOl IVEGETABLEninJA
  822   126    78    33  1.00  150
 1034   130    63    30  1.00  480
 1239   126    67    33  1.00  283
 1380   126   197    34  1.00  ROUND 2/40
 1652   123    74    37  1.00  150
 2240   126   279    38  1.00  BEHIND BOXES U00
 1261   346    48    30  0.50  ХО
 2426   424    37    22  1.00  00
 1265   435    45    30  1.00  X8
 1265   532    45    30  1.00  X8
 1265   621    45    33  1.00  X8
 2415   658    45    22  1.00  280
 1261   807    48    33  1.00  X8
 2422   870    33    19  1.00  X8
