# frame 9  t=2026-08-16 00:51:20 +0000  2560x1588px
# x,y,w,h are top-left origin pixels
  167    22   257    23  1.00  Bloons TD Battles 2
   30   123   346    41  1.00  OOl IVEGETABLEninJA
  822   123    86    37  1.00  150
 1034   130    63    30  1.00  679
 1239   126    71    33  1.00  283
 1380   126   197    34  1.00  ROUND 2/40
 1652   123    82    37  1.00  150
 2240   126   279    38  1.00  BEHIND BOXES U00
 2415   424    48    22  1.00  200
 2415   658    45    22  1.00  280
 2422   870    33    19  1.00  X8
