# frame 18  t=2026-08-16 00:51:56 +0000  2560x1588px
# x,y,w,h are top-left origin pixels
  167    22   257    23  1.00  Bloons TD Battles 2
   30   123   346    41  1.00  OOl IVEGETABLEninJA
  822   126    82    33  1.00  150)
 1034   130    60    30  1.00  527
 1243   126    82    33  1.00  324л
 1380   126   197    34  1.00  ROUND 3/40
 1652   123    74    37  1.00  150
 2240   126   279    38  1.00  BEHIND BOXES U00
 1269   346    41    30  1.00  X2
 2415   424    48    22  1.00  200
 2411   658    48    22  1.00  280
 2515   762    19    26  1.00  3
 1269   814    30    22  1.00  X6
 2422   870    33    19  1.00  X8
 2508   904    30    26  1.00  24
