# frame 0  t=2026-08-16 00:50:45 +0000  2560x1588px
# x,y,w,h are top-left origin pixels
  171    22   253    23  1.00  Bloons TD Battles 2
   30   123   346    41  1.00  OOl IVEGETABLEninJA
  822   126    82    33  1.00  150)
 1031   126    60    33  1.00  310
 1243   126    63    33  1.00  257
 1384   123   197    37  1.00  ROUnD 1/40
 1652   126    78    33  1.00  150
 2236   126   283    38  1.00  BEHIND BOXES U00
 1265   338    45    30  1.00  X5
 1265   431    45    30  1.00  X8
 1265   524    45    30  1.00  X8
 1265   617    45    33  1.00  X8
 2422   870    33    19  1.00  X8
